 >TARCYLCAP  cylinder with end-caps: Length= 25.0000 Diameter= 10.0000
      2552 = NAT
  1.000000  0.000000  0.000000 = A_1 vector
  0.000000  1.000000  0.000000 = A_2 vector
  1.000000  1.000000  1.000000 = lattice spacings (d_x,d_y,d_z)/d
 -13.00000  -0.50000  -0.50000 = lattice offset x0(1-3) = (x_TF,y_TF,z_TF)/d for dipole 0 0 0
     JA  IX  IY  IZ ICOMP(x,y,z)
      1   1  -1  -4 1 1 1
      2   2  -1  -4 1 1 1
      3   3  -1  -4 1 1 1
      4   4  -1  -4 1 1 1
      5   5  -1  -4 1 1 1
      6   6  -1  -4 1 1 1
      7   7  -1  -4 1 1 1
      8   8  -1  -4 1 1 1
      9   9  -1  -4 1 1 1
     10  10  -1  -4 1 1 1
     11  11  -1  -4 1 1 1
     12  12  -1  -4 1 1 1
     13  13  -1  -4 1 1 1
     14  14  -1  -4 1 1 1
     15  15  -1  -4 1 1 1
     16  16  -1  -4 1 1 1
     17  17  -1  -4 1 1 1
     18  18  -1  -4 1 1 1
     19  19  -1  -4 1 1 1
     20  20  -1  -4 1 1 1
     21  21  -1  -4 1 1 1
     22  22  -1  -4 1 1 1
     23  23  -1  -4 1 1 1
     24  24  -1  -4 1 1 1
     25  25  -1  -4 1 1 1
     26   1   0  -4 1 1 1
     27   2   0  -4 1 1 1
     28   3   0  -4 1 1 1
     29   4   0  -4 1 1 1
     30   5   0  -4 1 1 1
     31   6   0  -4 1 1 1
     32   7   0  -4 1 1 1
     33   8   0  -4 1 1 1
     34   9   0  -4 1 1 1
     35  10   0  -4 1 1 1
     36  11   0  -4 1 1 1
     37  12   0  -4 1 1 1
     38  13   0  -4 1 1 1
     39  14   0  -4 1 1 1
     40  15   0  -4 1 1 1
     41  16   0  -4 1 1 1
     42  17   0  -4 1 1 1
     43  18   0  -4 1 1 1
     44  19   0  -4 1 1 1
     45  20   0  -4 1 1 1
     46  21   0  -4 1 1 1
     47  22   0  -4 1 1 1
     48  23   0  -4 1 1 1
     49  24   0  -4 1 1 1
     50  25   0  -4 1 1 1
     51   1   1  -4 1 1 1
     52   2   1  -4 1 1 1
     53   3   1  -4 1 1 1
     54   4   1  -4 1 1 1
     55   5   1  -4 1 1 1
     56   6   1  -4 1 1 1
     57   7   1  -4 1 1 1
     58   8   1  -4 1 1 1
     59   9   1  -4 1 1 1
     60  10   1  -4 1 1 1
     61  11   1  -4 1 1 1
     62  12   1  -4 1 1 1
     63  13   1  -4 1 1 1
     64  14   1  -4 1 1 1
     65  15   1  -4 1 1 1
     66  16   1  -4 1 1 1
     67  17   1  -4 1 1 1
     68  18   1  -4 1 1 1
     69  19   1  -4 1 1 1
     70  20   1  -4 1 1 1
     71  21   1  -4 1 1 1
     72  22   1  -4 1 1 1
     73  23   1  -4 1 1 1
     74  24   1  -4 1 1 1
     75  25   1  -4 1 1 1
     76   1   2  -4 1 1 1
     77   2   2  -4 1 1 1
     78   3   2  -4 1 1 1
     79   4   2  -4 1 1 1
     80   5   2  -4 1 1 1
     81   6   2  -4 1 1 1
     82   7   2  -4 1 1 1
     83   8   2  -4 1 1 1
     84   9   2  -4 1 1 1
     85  10   2  -4 1 1 1
     86  11   2  -4 1 1 1
     87  12   2  -4 1 1 1
     88  13   2  -4 1 1 1
     89  14   2  -4 1 1 1
     90  15   2  -4 1 1 1
     91  16   2  -4 1 1 1
     92  17   2  -4 1 1 1
     93  18   2  -4 1 1 1
     94  19   2  -4 1 1 1
     95  20   2  -4 1 1 1
     96  21   2  -4 1 1 1
     97  22   2  -4 1 1 1
     98  23   2  -4 1 1 1
     99  24   2  -4 1 1 1
    100  25   2  -4 1 1 1
    101   1  -3  -3 1 1 1
    102   2  -3  -3 1 1 1
    103   3  -3  -3 1 1 1
    104   4  -3  -3 1 1 1
    105   5  -3  -3 1 1 1
    106   6  -3  -3 1 1 1
    107   7  -3  -3 1 1 1
    108   8  -3  -3 1 1 1
    109   9  -3  -3 1 1 1
    110  10  -3  -3 1 1 1
    111  11  -3  -3 1 1 1
    112  12  -3  -3 1 1 1
    113  13  -3  -3 1 1 1
    114  14  -3  -3 1 1 1
    115  15  -3  -3 1 1 1
    116  16  -3  -3 1 1 1
    117  17  -3  -3 1 1 1
    118  18  -3  -3 1 1 1
    119  19  -3  -3 1 1 1
    120  20  -3  -3 1 1 1
    121  21  -3  -3 1 1 1
    122  22  -3  -3 1 1 1
    123  23  -3  -3 1 1 1
    124  24  -3  -3 1 1 1
    125  25  -3  -3 1 1 1
    126   1  -2  -3 1 1 1
    127   2  -2  -3 1 1 1
    128   3  -2  -3 1 1 1
    129   4  -2  -3 1 1 1
    130   5  -2  -3 1 1 1
    131   6  -2  -3 1 1 1
    132   7  -2  -3 1 1 1
    133   8  -2  -3 1 1 1
    134   9  -2  -3 1 1 1
    135  10  -2  -3 1 1 1
    136  11  -2  -3 1 1 1
    137  12  -2  -3 1 1 1
    138  13  -2  -3 1 1 1
    139  14  -2  -3 1 1 1
    140  15  -2  -3 1 1 1
    141  16  -2  -3 1 1 1
    142  17  -2  -3 1 1 1
    143  18  -2  -3 1 1 1
    144  19  -2  -3 1 1 1
    145  20  -2  -3 1 1 1
    146  21  -2  -3 1 1 1
    147  22  -2  -3 1 1 1
    148  23  -2  -3 1 1 1
    149  24  -2  -3 1 1 1
    150  25  -2  -3 1 1 1
    151   1  -1  -3 1 1 1
    152   2  -1  -3 1 1 1
    153   3  -1  -3 1 1 1
    154   4  -1  -3 1 1 1
    155   5  -1  -3 1 1 1
    156   6  -1  -3 1 1 1
    157   7  -1  -3 1 1 1
    158   8  -1  -3 1 1 1
    159   9  -1  -3 1 1 1
    160  10  -1  -3 1 1 1
    161  11  -1  -3 1 1 1
    162  12  -1  -3 1 1 1
    163  13  -1  -3 1 1 1
    164  14  -1  -3 1 1 1
    165  15  -1  -3 1 1 1
    166  16  -1  -3 1 1 1
    167  17  -1  -3 1 1 1
    168  18  -1  -3 1 1 1
    169  19  -1  -3 1 1 1
    170  20  -1  -3 1 1 1
    171  21  -1  -3 1 1 1
    172  22  -1  -3 1 1 1
    173  23  -1  -3 1 1 1
    174  24  -1  -3 1 1 1
    175  25  -1  -3 1 1 1
    176   1   0  -3 1 1 1
    177   2   0  -3 1 1 1
    178   3   0  -3 1 1 1
    179   4   0  -3 1 1 1
    180   5   0  -3 1 1 1
    181   6   0  -3 1 1 1
    182   7   0  -3 1 1 1
    183   8   0  -3 1 1 1
    184   9   0  -3 1 1 1
    185  10   0  -3 1 1 1
    186  11   0  -3 1 1 1
    187  12   0  -3 1 1 1
    188  13   0  -3 1 1 1
    189  14   0  -3 1 1 1
    190  15   0  -3 1 1 1
    191  16   0  -3 1 1 1
    192  17   0  -3 1 1 1
    193  18   0  -3 1 1 1
    194  19   0  -3 1 1 1
    195  20   0  -3 1 1 1
    196  21   0  -3 1 1 1
    197  22   0  -3 1 1 1
    198  23   0  -3 1 1 1
    199  24   0  -3 1 1 1
    200  25   0  -3 1 1 1
    201   1   1  -3 1 1 1
    202   2   1  -3 1 1 1
    203   3   1  -3 1 1 1
    204   4   1  -3 1 1 1
    205   5   1  -3 1 1 1
    206   6   1  -3 1 1 1
    207   7   1  -3 1 1 1
    208   8   1  -3 1 1 1
    209   9   1  -3 1 1 1
    210  10   1  -3 1 1 1
    211  11   1  -3 1 1 1
    212  12   1  -3 1 1 1
    213  13   1  -3 1 1 1
    214  14   1  -3 1 1 1
    215  15   1  -3 1 1 1
    216  16   1  -3 1 1 1
    217  17   1  -3 1 1 1
    218  18   1  -3 1 1 1
    219  19   1  -3 1 1 1
    220  20   1  -3 1 1 1
    221  21   1  -3 1 1 1
    222  22   1  -3 1 1 1
    223  23   1  -3 1 1 1
    224  24   1  -3 1 1 1
    225  25   1  -3 1 1 1
    226   1   2  -3 1 1 1
    227   2   2  -3 1 1 1
    228   3   2  -3 1 1 1
    229   4   2  -3 1 1 1
    230   5   2  -3 1 1 1
    231   6   2  -3 1 1 1
    232   7   2  -3 1 1 1
    233   8   2  -3 1 1 1
    234   9   2  -3 1 1 1
    235  10   2  -3 1 1 1
    236  11   2  -3 1 1 1
    237  12   2  -3 1 1 1
    238  13   2  -3 1 1 1
    239  14   2  -3 1 1 1
    240  15   2  -3 1 1 1
    241  16   2  -3 1 1 1
    242  17   2  -3 1 1 1
    243  18   2  -3 1 1 1
    244  19   2  -3 1 1 1
    245  20   2  -3 1 1 1
    246  21   2  -3 1 1 1
    247  22   2  -3 1 1 1
    248  23   2  -3 1 1 1
    249  24   2  -3 1 1 1
    250  25   2  -3 1 1 1
    251   1   3  -3 1 1 1
    252   2   3  -3 1 1 1
    253   3   3  -3 1 1 1
    254   4   3  -3 1 1 1
    255   5   3  -3 1 1 1
    256   6   3  -3 1 1 1
    257   7   3  -3 1 1 1
    258   8   3  -3 1 1 1
    259   9   3  -3 1 1 1
    260  10   3  -3 1 1 1
    261  11   3  -3 1 1 1
    262  12   3  -3 1 1 1
    263  13   3  -3 1 1 1
    264  14   3  -3 1 1 1
    265  15   3  -3 1 1 1
    266  16   3  -3 1 1 1
    267  17   3  -3 1 1 1
    268  18   3  -3 1 1 1
    269  19   3  -3 1 1 1
    270  20   3  -3 1 1 1
    271  21   3  -3 1 1 1
    272  22   3  -3 1 1 1
    273  23   3  -3 1 1 1
    274  24   3  -3 1 1 1
    275  25   3  -3 1 1 1
    276   1   4  -3 1 1 1
    277   2   4  -3 1 1 1
    278   3   4  -3 1 1 1
    279   4   4  -3 1 1 1
    280   5   4  -3 1 1 1
    281   6   4  -3 1 1 1
    282   7   4  -3 1 1 1
    283   8   4  -3 1 1 1
    284   9   4  -3 1 1 1
    285  10   4  -3 1 1 1
    286  11   4  -3 1 1 1
    287  12   4  -3 1 1 1
    288  13   4  -3 1 1 1
    289  14   4  -3 1 1 1
    290  15   4  -3 1 1 1
    291  16   4  -3 1 1 1
    292  17   4  -3 1 1 1
    293  18   4  -3 1 1 1
    294  19   4  -3 1 1 1
    295  20   4  -3 1 1 1
    296  21   4  -3 1 1 1
    297  22   4  -3 1 1 1
    298  23   4  -3 1 1 1
    299  24   4  -3 1 1 1
    300  25   4  -3 1 1 1
    301   1  -3  -2 1 1 1
    302   2  -3  -2 1 1 1
    303   3  -3  -2 1 1 1
    304   4  -3  -2 1 1 1
    305   5  -3  -2 1 1 1
    306   6  -3  -2 1 1 1
    307   7  -3  -2 1 1 1
    308   8  -3  -2 1 1 1
    309   9  -3  -2 1 1 1
    310  10  -3  -2 1 1 1
    311  11  -3  -2 1 1 1
    312  12  -3  -2 1 1 1
    313  13  -3  -2 1 1 1
    314  14  -3  -2 1 1 1
    315  15  -3  -2 1 1 1
    316  16  -3  -2 1 1 1
    317  17  -3  -2 1 1 1
    318  18  -3  -2 1 1 1
    319  19  -3  -2 1 1 1
    320  20  -3  -2 1 1 1
    321  21  -3  -2 1 1 1
    322  22  -3  -2 1 1 1
    323  23  -3  -2 1 1 1
    324  24  -3  -2 1 1 1
    325  25  -3  -2 1 1 1
    326   1  -2  -2 1 1 1
    327   2  -2  -2 1 1 1
    328   3  -2  -2 1 1 1
    329   4  -2  -2 1 1 1
    330   5  -2  -2 1 1 1
    331   6  -2  -2 1 1 1
    332   7  -2  -2 1 1 1
    333   8  -2  -2 1 1 1
    334   9  -2  -2 1 1 1
    335  10  -2  -2 1 1 1
    336  11  -2  -2 1 1 1
    337  12  -2  -2 1 1 1
    338  13  -2  -2 1 1 1
    339  14  -2  -2 1 1 1
    340  15  -2  -2 1 1 1
    341  16  -2  -2 1 1 1
    342  17  -2  -2 1 1 1
    343  18  -2  -2 1 1 1
    344  19  -2  -2 1 1 1
    345  20  -2  -2 1 1 1
    346  21  -2  -2 1 1 1
    347  22  -2  -2 1 1 1
    348  23  -2  -2 1 1 1
    349  24  -2  -2 1 1 1
    350  25  -2  -2 1 1 1
    351   1  -1  -2 1 1 1
    352   2  -1  -2 1 1 1
    353   3  -1  -2 1 1 1
    354   4  -1  -2 1 1 1
    355   5  -1  -2 1 1 1
    356   6  -1  -2 1 1 1
    357   7  -1  -2 1 1 1
    358   8  -1  -2 1 1 1
    359   9  -1  -2 1 1 1
    360  10  -1  -2 1 1 1
    361  11  -1  -2 1 1 1
    362  12  -1  -2 1 1 1
    363  13  -1  -2 1 1 1
    364  14  -1  -2 1 1 1
    365  15  -1  -2 1 1 1
    366  16  -1  -2 1 1 1
    367  17  -1  -2 1 1 1
    368  18  -1  -2 1 1 1
    369  19  -1  -2 1 1 1
    370  20  -1  -2 1 1 1
    371  21  -1  -2 1 1 1
    372  22  -1  -2 1 1 1
    373  23  -1  -2 1 1 1
    374  24  -1  -2 1 1 1
    375  25  -1  -2 1 1 1
    376   1   0  -2 1 1 1
    377   2   0  -2 1 1 1
    378   3   0  -2 1 1 1
    379   4   0  -2 1 1 1
    380   5   0  -2 1 1 1
    381   6   0  -2 1 1 1
    382   7   0  -2 1 1 1
    383   8   0  -2 1 1 1
    384   9   0  -2 1 1 1
    385  10   0  -2 1 1 1
    386  11   0  -2 1 1 1
    387  12   0  -2 1 1 1
    388  13   0  -2 1 1 1
    389  14   0  -2 1 1 1
    390  15   0  -2 1 1 1
    391  16   0  -2 1 1 1
    392  17   0  -2 1 1 1
    393  18   0  -2 1 1 1
    394  19   0  -2 1 1 1
    395  20   0  -2 1 1 1
    396  21   0  -2 1 1 1
    397  22   0  -2 1 1 1
    398  23   0  -2 1 1 1
    399  24   0  -2 1 1 1
    400  25   0  -2 1 1 1
    401   1   1  -2 1 1 1
    402   2   1  -2 1 1 1
    403   3   1  -2 1 1 1
    404   4   1  -2 1 1 1
    405   5   1  -2 1 1 1
    406   6   1  -2 1 1 1
    407   7   1  -2 1 1 1
    408   8   1  -2 1 1 1
    409   9   1  -2 1 1 1
    410  10   1  -2 1 1 1
    411  11   1  -2 1 1 1
    412  12   1  -2 1 1 1
    413  13   1  -2 1 1 1
    414  14   1  -2 1 1 1
    415  15   1  -2 1 1 1
    416  16   1  -2 1 1 1
    417  17   1  -2 1 1 1
    418  18   1  -2 1 1 1
    419  19   1  -2 1 1 1
    420  20   1  -2 1 1 1
    421  21   1  -2 1 1 1
    422  22   1  -2 1 1 1
    423  23   1  -2 1 1 1
    424  24   1  -2 1 1 1
    425  25   1  -2 1 1 1
    426   1   2  -2 1 1 1
    427   2   2  -2 1 1 1
    428   3   2  -2 1 1 1
    429   4   2  -2 1 1 1
    430   5   2  -2 1 1 1
    431   6   2  -2 1 1 1
    432   7   2  -2 1 1 1
    433   8   2  -2 1 1 1
    434   9   2  -2 1 1 1
    435  10   2  -2 1 1 1
    436  11   2  -2 1 1 1
    437  12   2  -2 1 1 1
    438  13   2  -2 1 1 1
    439  14   2  -2 1 1 1
    440  15   2  -2 1 1 1
    441  16   2  -2 1 1 1
    442  17   2  -2 1 1 1
    443  18   2  -2 1 1 1
    444  19   2  -2 1 1 1
    445  20   2  -2 1 1 1
    446  21   2  -2 1 1 1
    447  22   2  -2 1 1 1
    448  23   2  -2 1 1 1
    449  24   2  -2 1 1 1
    450  25   2  -2 1 1 1
    451   1   3  -2 1 1 1
    452   2   3  -2 1 1 1
    453   3   3  -2 1 1 1
    454   4   3  -2 1 1 1
    455   5   3  -2 1 1 1
    456   6   3  -2 1 1 1
    457   7   3  -2 1 1 1
    458   8   3  -2 1 1 1
    459   9   3  -2 1 1 1
    460  10   3  -2 1 1 1
    461  11   3  -2 1 1 1
    462  12   3  -2 1 1 1
    463  13   3  -2 1 1 1
    464  14   3  -2 1 1 1
    465  15   3  -2 1 1 1
    466  16   3  -2 1 1 1
    467  17   3  -2 1 1 1
    468  18   3  -2 1 1 1
    469  19   3  -2 1 1 1
    470  20   3  -2 1 1 1
    471  21   3  -2 1 1 1
    472  22   3  -2 1 1 1
    473  23   3  -2 1 1 1
    474  24   3  -2 1 1 1
    475  25   3  -2 1 1 1
    476   1   4  -2 1 1 1
    477   2   4  -2 1 1 1
    478   3   4  -2 1 1 1
    479   4   4  -2 1 1 1
    480   5   4  -2 1 1 1
    481   6   4  -2 1 1 1
    482   7   4  -2 1 1 1
    483   8   4  -2 1 1 1
    484   9   4  -2 1 1 1
    485  10   4  -2 1 1 1
    486  11   4  -2 1 1 1
    487  12   4  -2 1 1 1
    488  13   4  -2 1 1 1
    489  14   4  -2 1 1 1
    490  15   4  -2 1 1 1
    491  16   4  -2 1 1 1
    492  17   4  -2 1 1 1
    493  18   4  -2 1 1 1
    494  19   4  -2 1 1 1
    495  20   4  -2 1 1 1
    496  21   4  -2 1 1 1
    497  22   4  -2 1 1 1
    498  23   4  -2 1 1 1
    499  24   4  -2 1 1 1
    500  25   4  -2 1 1 1
    501   1  -4  -1 1 1 1
    502   2  -4  -1 1 1 1
    503   3  -4  -1 1 1 1
    504   4  -4  -1 1 1 1
    505   5  -4  -1 1 1 1
    506   6  -4  -1 1 1 1
    507   7  -4  -1 1 1 1
    508   8  -4  -1 1 1 1
    509   9  -4  -1 1 1 1
    510  10  -4  -1 1 1 1
    511  11  -4  -1 1 1 1
    512  12  -4  -1 1 1 1
    513  13  -4  -1 1 1 1
    514  14  -4  -1 1 1 1
    515  15  -4  -1 1 1 1
    516  16  -4  -1 1 1 1
    517  17  -4  -1 1 1 1
    518  18  -4  -1 1 1 1
    519  19  -4  -1 1 1 1
    520  20  -4  -1 1 1 1
    521  21  -4  -1 1 1 1
    522  22  -4  -1 1 1 1
    523  23  -4  -1 1 1 1
    524  24  -4  -1 1 1 1
    525  25  -4  -1 1 1 1
    526   1  -3  -1 1 1 1
    527   2  -3  -1 1 1 1
    528   3  -3  -1 1 1 1
    529   4  -3  -1 1 1 1
    530   5  -3  -1 1 1 1
    531   6  -3  -1 1 1 1
    532   7  -3  -1 1 1 1
    533   8  -3  -1 1 1 1
    534   9  -3  -1 1 1 1
    535  10  -3  -1 1 1 1
    536  11  -3  -1 1 1 1
    537  12  -3  -1 1 1 1
    538  13  -3  -1 1 1 1
    539  14  -3  -1 1 1 1
    540  15  -3  -1 1 1 1
    541  16  -3  -1 1 1 1
    542  17  -3  -1 1 1 1
    543  18  -3  -1 1 1 1
    544  19  -3  -1 1 1 1
    545  20  -3  -1 1 1 1
    546  21  -3  -1 1 1 1
    547  22  -3  -1 1 1 1
    548  23  -3  -1 1 1 1
    549  24  -3  -1 1 1 1
    550  25  -3  -1 1 1 1
    551   1  -2  -1 1 1 1
    552   2  -2  -1 1 1 1
    553   3  -2  -1 1 1 1
    554   4  -2  -1 1 1 1
    555   5  -2  -1 1 1 1
    556   6  -2  -1 1 1 1
    557   7  -2  -1 1 1 1
    558   8  -2  -1 1 1 1
    559   9  -2  -1 1 1 1
    560  10  -2  -1 1 1 1
    561  11  -2  -1 1 1 1
    562  12  -2  -1 1 1 1
    563  13  -2  -1 1 1 1
    564  14  -2  -1 1 1 1
    565  15  -2  -1 1 1 1
    566  16  -2  -1 1 1 1
    567  17  -2  -1 1 1 1
    568  18  -2  -1 1 1 1
    569  19  -2  -1 1 1 1
    570  20  -2  -1 1 1 1
    571  21  -2  -1 1 1 1
    572  22  -2  -1 1 1 1
    573  23  -2  -1 1 1 1
    574  24  -2  -1 1 1 1
    575  25  -2  -1 1 1 1
    576   1  -1  -1 1 1 1
    577   2  -1  -1 1 1 1
    578   3  -1  -1 1 1 1
    579   4  -1  -1 1 1 1
    580   5  -1  -1 1 1 1
    581   6  -1  -1 1 1 1
    582   7  -1  -1 1 1 1
    583   8  -1  -1 1 1 1
    584   9  -1  -1 1 1 1
    585  10  -1  -1 1 1 1
    586  11  -1  -1 1 1 1
    587  12  -1  -1 1 1 1
    588  13  -1  -1 1 1 1
    589  14  -1  -1 1 1 1
    590  15  -1  -1 1 1 1
    591  16  -1  -1 1 1 1
    592  17  -1  -1 1 1 1
    593  18  -1  -1 1 1 1
    594  19  -1  -1 1 1 1
    595  20  -1  -1 1 1 1
    596  21  -1  -1 1 1 1
    597  22  -1  -1 1 1 1
    598  23  -1  -1 1 1 1
    599  24  -1  -1 1 1 1
    600  25  -1  -1 1 1 1
    601   1   0  -1 1 1 1
    602   2   0  -1 1 1 1
    603   3   0  -1 1 1 1
    604   4   0  -1 1 1 1
    605   5   0  -1 1 1 1
    606   6   0  -1 1 1 1
    607   7   0  -1 1 1 1
    608   8   0  -1 1 1 1
    609   9   0  -1 1 1 1
    610  10   0  -1 1 1 1
    611  11   0  -1 1 1 1
    612  12   0  -1 1 1 1
    613  13   0  -1 1 1 1
    614  14   0  -1 1 1 1
    615  15   0  -1 1 1 1
    616  16   0  -1 1 1 1
    617  17   0  -1 1 1 1
    618  18   0  -1 1 1 1
    619  19   0  -1 1 1 1
    620  20   0  -1 1 1 1
    621  21   0  -1 1 1 1
    622  22   0  -1 1 1 1
    623  23   0  -1 1 1 1
    624  24   0  -1 1 1 1
    625  25   0  -1 1 1 1
    626   1   1  -1 1 1 1
    627   2   1  -1 1 1 1
    628   3   1  -1 1 1 1
    629   4   1  -1 1 1 1
    630   5   1  -1 1 1 1
    631   6   1  -1 1 1 1
    632   7   1  -1 1 1 1
    633   8   1  -1 1 1 1
    634   9   1  -1 1 1 1
    635  10   1  -1 1 1 1
    636  11   1  -1 1 1 1
    637  12   1  -1 1 1 1
    638  13   1  -1 1 1 1
    639  14   1  -1 1 1 1
    640  15   1  -1 1 1 1
    641  16   1  -1 1 1 1
    642  17   1  -1 1 1 1
    643  18   1  -1 1 1 1
    644  19   1  -1 1 1 1
    645  20   1  -1 1 1 1
    646  21   1  -1 1 1 1
    647  22   1  -1 1 1 1
    648  23   1  -1 1 1 1
    649  24   1  -1 1 1 1
    650  25   1  -1 1 1 1
    651   1   2  -1 1 1 1
    652   2   2  -1 1 1 1
    653   3   2  -1 1 1 1
    654   4   2  -1 1 1 1
    655   5   2  -1 1 1 1
    656   6   2  -1 1 1 1
    657   7   2  -1 1 1 1
    658   8   2  -1 1 1 1
    659   9   2  -1 1 1 1
    660  10   2  -1 1 1 1
    661  11   2  -1 1 1 1
    662  12   2  -1 1 1 1
    663  13   2  -1 1 1 1
    664  14   2  -1 1 1 1
    665  15   2  -1 1 1 1
    666  16   2  -1 1 1 1
    667  17   2  -1 1 1 1
    668  18   2  -1 1 1 1
    669  19   2  -1 1 1 1
    670  20   2  -1 1 1 1
    671  21   2  -1 1 1 1
    672  22   2  -1 1 1 1
    673  23   2  -1 1 1 1
    674  24   2  -1 1 1 1
    675  25   2  -1 1 1 1
    676   1   3  -1 1 1 1
    677   2   3  -1 1 1 1
    678   3   3  -1 1 1 1
    679   4   3  -1 1 1 1
    680   5   3  -1 1 1 1
    681   6   3  -1 1 1 1
    682   7   3  -1 1 1 1
    683   8   3  -1 1 1 1
    684   9   3  -1 1 1 1
    685  10   3  -1 1 1 1
    686  11   3  -1 1 1 1
    687  12   3  -1 1 1 1
    688  13   3  -1 1 1 1
    689  14   3  -1 1 1 1
    690  15   3  -1 1 1 1
    691  16   3  -1 1 1 1
    692  17   3  -1 1 1 1
    693  18   3  -1 1 1 1
    694  19   3  -1 1 1 1
    695  20   3  -1 1 1 1
    696  21   3  -1 1 1 1
    697  22   3  -1 1 1 1
    698  23   3  -1 1 1 1
    699  24   3  -1 1 1 1
    700  25   3  -1 1 1 1
    701   1   4  -1 1 1 1
    702   2   4  -1 1 1 1
    703   3   4  -1 1 1 1
    704   4   4  -1 1 1 1
    705   5   4  -1 1 1 1
    706   6   4  -1 1 1 1
    707   7   4  -1 1 1 1
    708   8   4  -1 1 1 1
    709   9   4  -1 1 1 1
    710  10   4  -1 1 1 1
    711  11   4  -1 1 1 1
    712  12   4  -1 1 1 1
    713  13   4  -1 1 1 1
    714  14   4  -1 1 1 1
    715  15   4  -1 1 1 1
    716  16   4  -1 1 1 1
    717  17   4  -1 1 1 1
    718  18   4  -1 1 1 1
    719  19   4  -1 1 1 1
    720  20   4  -1 1 1 1
    721  21   4  -1 1 1 1
    722  22   4  -1 1 1 1
    723  23   4  -1 1 1 1
    724  24   4  -1 1 1 1
    725  25   4  -1 1 1 1
    726   1   5  -1 1 1 1
    727   2   5  -1 1 1 1
    728   3   5  -1 1 1 1
    729   4   5  -1 1 1 1
    730   5   5  -1 1 1 1
    731   6   5  -1 1 1 1
    732   7   5  -1 1 1 1
    733   8   5  -1 1 1 1
    734   9   5  -1 1 1 1
    735  10   5  -1 1 1 1
    736  11   5  -1 1 1 1
    737  12   5  -1 1 1 1
    738  13   5  -1 1 1 1
    739  14   5  -1 1 1 1
    740  15   5  -1 1 1 1
    741  16   5  -1 1 1 1
    742  17   5  -1 1 1 1
    743  18   5  -1 1 1 1
    744  19   5  -1 1 1 1
    745  20   5  -1 1 1 1
    746  21   5  -1 1 1 1
    747  22   5  -1 1 1 1
    748  23   5  -1 1 1 1
    749  24   5  -1 1 1 1
    750  25   5  -1 1 1 1
    751   1  -4   0 1 1 1
    752   2  -4   0 1 1 1
    753   3  -4   0 1 1 1
    754   4  -4   0 1 1 1
    755   5  -4   0 1 1 1
    756   6  -4   0 1 1 1
    757   7  -4   0 1 1 1
    758   8  -4   0 1 1 1
    759   9  -4   0 1 1 1
    760  10  -4   0 1 1 1
    761  11  -4   0 1 1 1
    762  12  -4   0 1 1 1
    763  13  -4   0 1 1 1
    764  14  -4   0 1 1 1
    765  15  -4   0 1 1 1
    766  16  -4   0 1 1 1
    767  17  -4   0 1 1 1
    768  18  -4   0 1 1 1
    769  19  -4   0 1 1 1
    770  20  -4   0 1 1 1
    771  21  -4   0 1 1 1
    772  22  -4   0 1 1 1
    773  23  -4   0 1 1 1
    774  24  -4   0 1 1 1
    775  25  -4   0 1 1 1
    776   1  -3   0 1 1 1
    777   2  -3   0 1 1 1
    778   3  -3   0 1 1 1
    779   4  -3   0 1 1 1
    780   5  -3   0 1 1 1
    781   6  -3   0 1 1 1
    782   7  -3   0 1 1 1
    783   8  -3   0 1 1 1
    784   9  -3   0 1 1 1
    785  10  -3   0 1 1 1
    786  11  -3   0 1 1 1
    787  12  -3   0 1 1 1
    788  13  -3   0 1 1 1
    789  14  -3   0 1 1 1
    790  15  -3   0 1 1 1
    791  16  -3   0 1 1 1
    792  17  -3   0 1 1 1
    793  18  -3   0 1 1 1
    794  19  -3   0 1 1 1
    795  20  -3   0 1 1 1
    796  21  -3   0 1 1 1
    797  22  -3   0 1 1 1
    798  23  -3   0 1 1 1
    799  24  -3   0 1 1 1
    800  25  -3   0 1 1 1
    801   1  -2   0 1 1 1
    802   2  -2   0 1 1 1
    803   3  -2   0 1 1 1
    804   4  -2   0 1 1 1
    805   5  -2   0 1 1 1
    806   6  -2   0 1 1 1
    807   7  -2   0 1 1 1
    808   8  -2   0 1 1 1
    809   9  -2   0 1 1 1
    810  10  -2   0 1 1 1
    811  11  -2   0 1 1 1
    812  12  -2   0 1 1 1
    813  13  -2   0 1 1 1
    814  14  -2   0 1 1 1
    815  15  -2   0 1 1 1
    816  16  -2   0 1 1 1
    817  17  -2   0 1 1 1
    818  18  -2   0 1 1 1
    819  19  -2   0 1 1 1
    820  20  -2   0 1 1 1
    821  21  -2   0 1 1 1
    822  22  -2   0 1 1 1
    823  23  -2   0 1 1 1
    824  24  -2   0 1 1 1
    825  25  -2   0 1 1 1
    826   1  -1   0 1 1 1
    827   2  -1   0 1 1 1
    828   3  -1   0 1 1 1
    829   4  -1   0 1 1 1
    830   5  -1   0 1 1 1
    831   6  -1   0 1 1 1
    832   7  -1   0 1 1 1
    833   8  -1   0 1 1 1
    834   9  -1   0 1 1 1
    835  10  -1   0 1 1 1
    836  11  -1   0 1 1 1
    837  12  -1   0 1 1 1
    838  13  -1   0 1 1 1
    839  14  -1   0 1 1 1
    840  15  -1   0 1 1 1
    841  16  -1   0 1 1 1
    842  17  -1   0 1 1 1
    843  18  -1   0 1 1 1
    844  19  -1   0 1 1 1
    845  20  -1   0 1 1 1
    846  21  -1   0 1 1 1
    847  22  -1   0 1 1 1
    848  23  -1   0 1 1 1
    849  24  -1   0 1 1 1
    850  25  -1   0 1 1 1
    851   1   0   0 1 1 1
    852   2   0   0 1 1 1
    853   3   0   0 1 1 1
    854   4   0   0 1 1 1
    855   5   0   0 1 1 1
    856   6   0   0 1 1 1
    857   7   0   0 1 1 1
    858   8   0   0 1 1 1
    859   9   0   0 1 1 1
    860  10   0   0 1 1 1
    861  11   0   0 1 1 1
    862  12   0   0 1 1 1
    863  13   0   0 1 1 1
    864  14   0   0 1 1 1
    865  15   0   0 1 1 1
    866  16   0   0 1 1 1
    867  17   0   0 1 1 1
    868  18   0   0 1 1 1
    869  19   0   0 1 1 1
    870  20   0   0 1 1 1
    871  21   0   0 1 1 1
    872  22   0   0 1 1 1
    873  23   0   0 1 1 1
    874  24   0   0 1 1 1
    875  25   0   0 1 1 1
    876   1   1   0 1 1 1
    877   2   1   0 1 1 1
    878   3   1   0 1 1 1
    879   4   1   0 1 1 1
    880   5   1   0 1 1 1
    881   6   1   0 1 1 1
    882   7   1   0 1 1 1
    883   8   1   0 1 1 1
    884   9   1   0 1 1 1
    885  10   1   0 1 1 1
    886  11   1   0 1 1 1
    887  12   1   0 1 1 1
    888  13   1   0 1 1 1
    889  14   1   0 1 1 1
    890  15   1   0 1 1 1
    891  16   1   0 1 1 1
    892  17   1   0 1 1 1
    893  18   1   0 1 1 1
    894  19   1   0 1 1 1
    895  20   1   0 1 1 1
    896  21   1   0 1 1 1
    897  22   1   0 1 1 1
    898  23   1   0 1 1 1
    899  24   1   0 1 1 1
    900  25   1   0 1 1 1
    901   1   2   0 1 1 1
    902   2   2   0 1 1 1
    903   3   2   0 1 1 1
    904   4   2   0 1 1 1
    905   5   2   0 1 1 1
    906   6   2   0 1 1 1
    907   7   2   0 1 1 1
    908   8   2   0 1 1 1
    909   9   2   0 1 1 1
    910  10   2   0 1 1 1
    911  11   2   0 1 1 1
    912  12   2   0 1 1 1
    913  13   2   0 1 1 1
    914  14   2   0 1 1 1
    915  15   2   0 1 1 1
    916  16   2   0 1 1 1
    917  17   2   0 1 1 1
    918  18   2   0 1 1 1
    919  19   2   0 1 1 1
    920  20   2   0 1 1 1
    921  21   2   0 1 1 1
    922  22   2   0 1 1 1
    923  23   2   0 1 1 1
    924  24   2   0 1 1 1
    925  25   2   0 1 1 1
    926   1   3   0 1 1 1
    927   2   3   0 1 1 1
    928   3   3   0 1 1 1
    929   4   3   0 1 1 1
    930   5   3   0 1 1 1
    931   6   3   0 1 1 1
    932   7   3   0 1 1 1
    933   8   3   0 1 1 1
    934   9   3   0 1 1 1
    935  10   3   0 1 1 1
    936  11   3   0 1 1 1
    937  12   3   0 1 1 1
    938  13   3   0 1 1 1
    939  14   3   0 1 1 1
    940  15   3   0 1 1 1
    941  16   3   0 1 1 1
    942  17   3   0 1 1 1
    943  18   3   0 1 1 1
    944  19   3   0 1 1 1
    945  20   3   0 1 1 1
    946  21   3   0 1 1 1
    947  22   3   0 1 1 1
    948  23   3   0 1 1 1
    949  24   3   0 1 1 1
    950  25   3   0 1 1 1
    951   1   4   0 1 1 1
    952   2   4   0 1 1 1
    953   3   4   0 1 1 1
    954   4   4   0 1 1 1
    955   5   4   0 1 1 1
    956   6   4   0 1 1 1
    957   7   4   0 1 1 1
    958   8   4   0 1 1 1
    959   9   4   0 1 1 1
    960  10   4   0 1 1 1
    961  11   4   0 1 1 1
    962  12   4   0 1 1 1
    963  13   4   0 1 1 1
    964  14   4   0 1 1 1
    965  15   4   0 1 1 1
    966  16   4   0 1 1 1
    967  17   4   0 1 1 1
    968  18   4   0 1 1 1
    969  19   4   0 1 1 1
    970  20   4   0 1 1 1
    971  21   4   0 1 1 1
    972  22   4   0 1 1 1
    973  23   4   0 1 1 1
    974  24   4   0 1 1 1
    975  25   4   0 1 1 1
    976   1   5   0 1 1 1
    977   2   5   0 1 1 1
    978   3   5   0 1 1 1
    979   4   5   0 1 1 1
    980   5   5   0 1 1 1
    981   6   5   0 1 1 1
    982   7   5   0 1 1 1
    983   8   5   0 1 1 1
    984   9   5   0 1 1 1
    985  10   5   0 1 1 1
    986  11   5   0 1 1 1
    987  12   5   0 1 1 1
    988  13   5   0 1 1 1
    989  14   5   0 1 1 1
    990  15   5   0 1 1 1
    991  16   5   0 1 1 1
    992  17   5   0 1 1 1
    993  18   5   0 1 1 1
    994  19   5   0 1 1 1
    995  20   5   0 1 1 1
    996  21   5   0 1 1 1
    997  22   5   0 1 1 1
    998  23   5   0 1 1 1
    999  24   5   0 1 1 1
   1000  25   5   0 1 1 1
   1001   1  -4   1 1 1 1
   1002   2  -4   1 1 1 1
   1003   3  -4   1 1 1 1
   1004   4  -4   1 1 1 1
   1005   5  -4   1 1 1 1
   1006   6  -4   1 1 1 1
   1007   7  -4   1 1 1 1
   1008   8  -4   1 1 1 1
   1009   9  -4   1 1 1 1
   1010  10  -4   1 1 1 1
   1011  11  -4   1 1 1 1
   1012  12  -4   1 1 1 1
   1013  13  -4   1 1 1 1
   1014  14  -4   1 1 1 1
   1015  15  -4   1 1 1 1
   1016  16  -4   1 1 1 1
   1017  17  -4   1 1 1 1
   1018  18  -4   1 1 1 1
   1019  19  -4   1 1 1 1
   1020  20  -4   1 1 1 1
   1021  21  -4   1 1 1 1
   1022  22  -4   1 1 1 1
   1023  23  -4   1 1 1 1
   1024  24  -4   1 1 1 1
   1025  25  -4   1 1 1 1
   1026   1  -3   1 1 1 1
   1027   2  -3   1 1 1 1
   1028   3  -3   1 1 1 1
   1029   4  -3   1 1 1 1
   1030   5  -3   1 1 1 1
   1031   6  -3   1 1 1 1
   1032   7  -3   1 1 1 1
   1033   8  -3   1 1 1 1
   1034   9  -3   1 1 1 1
   1035  10  -3   1 1 1 1
   1036  11  -3   1 1 1 1
   1037  12  -3   1 1 1 1
   1038  13  -3   1 1 1 1
   1039  14  -3   1 1 1 1
   1040  15  -3   1 1 1 1
   1041  16  -3   1 1 1 1
   1042  17  -3   1 1 1 1
   1043  18  -3   1 1 1 1
   1044  19  -3   1 1 1 1
   1045  20  -3   1 1 1 1
   1046  21  -3   1 1 1 1
   1047  22  -3   1 1 1 1
   1048  23  -3   1 1 1 1
   1049  24  -3   1 1 1 1
   1050  25  -3   1 1 1 1
   1051   1  -2   1 1 1 1
   1052   2  -2   1 1 1 1
   1053   3  -2   1 1 1 1
   1054   4  -2   1 1 1 1
   1055   5  -2   1 1 1 1
   1056   6  -2   1 1 1 1
   1057   7  -2   1 1 1 1
   1058   8  -2   1 1 1 1
   1059   9  -2   1 1 1 1
   1060  10  -2   1 1 1 1
   1061  11  -2   1 1 1 1
   1062  12  -2   1 1 1 1
   1063  13  -2   1 1 1 1
   1064  14  -2   1 1 1 1
   1065  15  -2   1 1 1 1
   1066  16  -2   1 1 1 1
   1067  17  -2   1 1 1 1
   1068  18  -2   1 1 1 1
   1069  19  -2   1 1 1 1
   1070  20  -2   1 1 1 1
   1071  21  -2   1 1 1 1
   1072  22  -2   1 1 1 1
   1073  23  -2   1 1 1 1
   1074  24  -2   1 1 1 1
   1075  25  -2   1 1 1 1
   1076   1  -1   1 1 1 1
   1077   2  -1   1 1 1 1
   1078   3  -1   1 1 1 1
   1079   4  -1   1 1 1 1
   1080   5  -1   1 1 1 1
   1081   6  -1   1 1 1 1
   1082   7  -1   1 1 1 1
   1083   8  -1   1 1 1 1
   1084   9  -1   1 1 1 1
   1085  10  -1   1 1 1 1
   1086  11  -1   1 1 1 1
   1087  12  -1   1 1 1 1
   1088  13  -1   1 1 1 1
   1089  14  -1   1 1 1 1
   1090  15  -1   1 1 1 1
   1091  16  -1   1 1 1 1
   1092  17  -1   1 1 1 1
   1093  18  -1   1 1 1 1
   1094  19  -1   1 1 1 1
   1095  20  -1   1 1 1 1
   1096  21  -1   1 1 1 1
   1097  22  -1   1 1 1 1
   1098  23  -1   1 1 1 1
   1099  24  -1   1 1 1 1
   1100  25  -1   1 1 1 1
   1101   1   0   1 1 1 1
   1102   2   0   1 1 1 1
   1103   3   0   1 1 1 1
   1104   4   0   1 1 1 1
   1105   5   0   1 1 1 1
   1106   6   0   1 1 1 1
   1107   7   0   1 1 1 1
   1108   8   0   1 1 1 1
   1109   9   0   1 1 1 1
   1110  10   0   1 1 1 1
   1111  11   0   1 1 1 1
   1112  12   0   1 1 1 1
   1113  13   0   1 1 1 1
   1114  14   0   1 1 1 1
   1115  15   0   1 1 1 1
   1116  16   0   1 1 1 1
   1117  17   0   1 1 1 1
   1118  18   0   1 1 1 1
   1119  19   0   1 1 1 1
   1120  20   0   1 1 1 1
   1121  21   0   1 1 1 1
   1122  22   0   1 1 1 1
   1123  23   0   1 1 1 1
   1124  24   0   1 1 1 1
   1125  25   0   1 1 1 1
   1126   1   1   1 1 1 1
   1127   2   1   1 1 1 1
   1128   3   1   1 1 1 1
   1129   4   1   1 1 1 1
   1130   5   1   1 1 1 1
   1131   6   1   1 1 1 1
   1132   7   1   1 1 1 1
   1133   8   1   1 1 1 1
   1134   9   1   1 1 1 1
   1135  10   1   1 1 1 1
   1136  11   1   1 1 1 1
   1137  12   1   1 1 1 1
   1138  13   1   1 1 1 1
   1139  14   1   1 1 1 1
   1140  15   1   1 1 1 1
   1141  16   1   1 1 1 1
   1142  17   1   1 1 1 1
   1143  18   1   1 1 1 1
   1144  19   1   1 1 1 1
   1145  20   1   1 1 1 1
   1146  21   1   1 1 1 1
   1147  22   1   1 1 1 1
   1148  23   1   1 1 1 1
   1149  24   1   1 1 1 1
   1150  25   1   1 1 1 1
   1151   1   2   1 1 1 1
   1152   2   2   1 1 1 1
   1153   3   2   1 1 1 1
   1154   4   2   1 1 1 1
   1155   5   2   1 1 1 1
   1156   6   2   1 1 1 1
   1157   7   2   1 1 1 1
   1158   8   2   1 1 1 1
   1159   9   2   1 1 1 1
   1160  10   2   1 1 1 1
   1161  11   2   1 1 1 1
   1162  12   2   1 1 1 1
   1163  13   2   1 1 1 1
   1164  14   2   1 1 1 1
   1165  15   2   1 1 1 1
   1166  16   2   1 1 1 1
   1167  17   2   1 1 1 1
   1168  18   2   1 1 1 1
   1169  19   2   1 1 1 1
   1170  20   2   1 1 1 1
   1171  21   2   1 1 1 1
   1172  22   2   1 1 1 1
   1173  23   2   1 1 1 1
   1174  24   2   1 1 1 1
   1175  25   2   1 1 1 1
   1176   1   3   1 1 1 1
   1177   2   3   1 1 1 1
   1178   3   3   1 1 1 1
   1179   4   3   1 1 1 1
   1180   5   3   1 1 1 1
   1181   6   3   1 1 1 1
   1182   7   3   1 1 1 1
   1183   8   3   1 1 1 1
   1184   9   3   1 1 1 1
   1185  10   3   1 1 1 1
   1186  11   3   1 1 1 1
   1187  12   3   1 1 1 1
   1188  13   3   1 1 1 1
   1189  14   3   1 1 1 1
   1190  15   3   1 1 1 1
   1191  16   3   1 1 1 1
   1192  17   3   1 1 1 1
   1193  18   3   1 1 1 1
   1194  19   3   1 1 1 1
   1195  20   3   1 1 1 1
   1196  21   3   1 1 1 1
   1197  22   3   1 1 1 1
   1198  23   3   1 1 1 1
   1199  24   3   1 1 1 1
   1200  25   3   1 1 1 1
   1201   1   4   1 1 1 1
   1202   2   4   1 1 1 1
   1203   3   4   1 1 1 1
   1204   4   4   1 1 1 1
   1205   5   4   1 1 1 1
   1206   6   4   1 1 1 1
   1207   7   4   1 1 1 1
   1208   8   4   1 1 1 1
   1209   9   4   1 1 1 1
   1210  10   4   1 1 1 1
   1211  11   4   1 1 1 1
   1212  12   4   1 1 1 1
   1213  13   4   1 1 1 1
   1214  14   4   1 1 1 1
   1215  15   4   1 1 1 1
   1216  16   4   1 1 1 1
   1217  17   4   1 1 1 1
   1218  18   4   1 1 1 1
   1219  19   4   1 1 1 1
   1220  20   4   1 1 1 1
   1221  21   4   1 1 1 1
   1222  22   4   1 1 1 1
   1223  23   4   1 1 1 1
   1224  24   4   1 1 1 1
   1225  25   4   1 1 1 1
   1226   1   5   1 1 1 1
   1227   2   5   1 1 1 1
   1228   3   5   1 1 1 1
   1229   4   5   1 1 1 1
   1230   5   5   1 1 1 1
   1231   6   5   1 1 1 1
   1232   7   5   1 1 1 1
   1233   8   5   1 1 1 1
   1234   9   5   1 1 1 1
   1235  10   5   1 1 1 1
   1236  11   5   1 1 1 1
   1237  12   5   1 1 1 1
   1238  13   5   1 1 1 1
   1239  14   5   1 1 1 1
   1240  15   5   1 1 1 1
   1241  16   5   1 1 1 1
   1242  17   5   1 1 1 1
   1243  18   5   1 1 1 1
   1244  19   5   1 1 1 1
   1245  20   5   1 1 1 1
   1246  21   5   1 1 1 1
   1247  22   5   1 1 1 1
   1248  23   5   1 1 1 1
   1249  24   5   1 1 1 1
   1250  25   5   1 1 1 1
   1251   1  -4   2 1 1 1
   1252   2  -4   2 1 1 1
   1253   3  -4   2 1 1 1
   1254   4  -4   2 1 1 1
   1255   5  -4   2 1 1 1
   1256   6  -4   2 1 1 1
   1257   7  -4   2 1 1 1
   1258   8  -4   2 1 1 1
   1259   9  -4   2 1 1 1
   1260  10  -4   2 1 1 1
   1261  11  -4   2 1 1 1
   1262  12  -4   2 1 1 1
   1263  13  -4   2 1 1 1
   1264  14  -4   2 1 1 1
   1265  15  -4   2 1 1 1
   1266  16  -4   2 1 1 1
   1267  17  -4   2 1 1 1
   1268  18  -4   2 1 1 1
   1269  19  -4   2 1 1 1
   1270  20  -4   2 1 1 1
   1271  21  -4   2 1 1 1
   1272  22  -4   2 1 1 1
   1273  23  -4   2 1 1 1
   1274  24  -4   2 1 1 1
   1275  25  -4   2 1 1 1
   1276   1  -3   2 1 1 1
   1277   2  -3   2 1 1 1
   1278   3  -3   2 1 1 1
   1279   4  -3   2 1 1 1
   1280   5  -3   2 1 1 1
   1281   6  -3   2 1 1 1
   1282   7  -3   2 1 1 1
   1283   8  -3   2 1 1 1
   1284   9  -3   2 1 1 1
   1285  10  -3   2 1 1 1
   1286  11  -3   2 1 1 1
   1287  12  -3   2 1 1 1
   1288  13  -3   2 1 1 1
   1289  14  -3   2 1 1 1
   1290  15  -3   2 1 1 1
   1291  16  -3   2 1 1 1
   1292  17  -3   2 1 1 1
   1293  18  -3   2 1 1 1
   1294  19  -3   2 1 1 1
   1295  20  -3   2 1 1 1
   1296  21  -3   2 1 1 1
   1297  22  -3   2 1 1 1
   1298  23  -3   2 1 1 1
   1299  24  -3   2 1 1 1
   1300  25  -3   2 1 1 1
   1301   1  -2   2 1 1 1
   1302   2  -2   2 1 1 1
   1303   3  -2   2 1 1 1
   1304   4  -2   2 1 1 1
   1305   5  -2   2 1 1 1
   1306   6  -2   2 1 1 1
   1307   7  -2   2 1 1 1
   1308   8  -2   2 1 1 1
   1309   9  -2   2 1 1 1
   1310  10  -2   2 1 1 1
   1311  11  -2   2 1 1 1
   1312  12  -2   2 1 1 1
   1313  13  -2   2 1 1 1
   1314  14  -2   2 1 1 1
   1315  15  -2   2 1 1 1
   1316  16  -2   2 1 1 1
   1317  17  -2   2 1 1 1
   1318  18  -2   2 1 1 1
   1319  19  -2   2 1 1 1
   1320  20  -2   2 1 1 1
   1321  21  -2   2 1 1 1
   1322  22  -2   2 1 1 1
   1323  23  -2   2 1 1 1
   1324  24  -2   2 1 1 1
   1325  25  -2   2 1 1 1
   1326   1  -1   2 1 1 1
   1327   2  -1   2 1 1 1
   1328   3  -1   2 1 1 1
   1329   4  -1   2 1 1 1
   1330   5  -1   2 1 1 1
   1331   6  -1   2 1 1 1
   1332   7  -1   2 1 1 1
   1333   8  -1   2 1 1 1
   1334   9  -1   2 1 1 1
   1335  10  -1   2 1 1 1
   1336  11  -1   2 1 1 1
   1337  12  -1   2 1 1 1
   1338  13  -1   2 1 1 1
   1339  14  -1   2 1 1 1
   1340  15  -1   2 1 1 1
   1341  16  -1   2 1 1 1
   1342  17  -1   2 1 1 1
   1343  18  -1   2 1 1 1
   1344  19  -1   2 1 1 1
   1345  20  -1   2 1 1 1
   1346  21  -1   2 1 1 1
   1347  22  -1   2 1 1 1
   1348  23  -1   2 1 1 1
   1349  24  -1   2 1 1 1
   1350  25  -1   2 1 1 1
   1351   1   0   2 1 1 1
   1352   2   0   2 1 1 1
   1353   3   0   2 1 1 1
   1354   4   0   2 1 1 1
   1355   5   0   2 1 1 1
   1356   6   0   2 1 1 1
   1357   7   0   2 1 1 1
   1358   8   0   2 1 1 1
   1359   9   0   2 1 1 1
   1360  10   0   2 1 1 1
   1361  11   0   2 1 1 1
   1362  12   0   2 1 1 1
   1363  13   0   2 1 1 1
   1364  14   0   2 1 1 1
   1365  15   0   2 1 1 1
   1366  16   0   2 1 1 1
   1367  17   0   2 1 1 1
   1368  18   0   2 1 1 1
   1369  19   0   2 1 1 1
   1370  20   0   2 1 1 1
   1371  21   0   2 1 1 1
   1372  22   0   2 1 1 1
   1373  23   0   2 1 1 1
   1374  24   0   2 1 1 1
   1375  25   0   2 1 1 1
   1376   1   1   2 1 1 1
   1377   2   1   2 1 1 1
   1378   3   1   2 1 1 1
   1379   4   1   2 1 1 1
   1380   5   1   2 1 1 1
   1381   6   1   2 1 1 1
   1382   7   1   2 1 1 1
   1383   8   1   2 1 1 1
   1384   9   1   2 1 1 1
   1385  10   1   2 1 1 1
   1386  11   1   2 1 1 1
   1387  12   1   2 1 1 1
   1388  13   1   2 1 1 1
   1389  14   1   2 1 1 1
   1390  15   1   2 1 1 1
   1391  16   1   2 1 1 1
   1392  17   1   2 1 1 1
   1393  18   1   2 1 1 1
   1394  19   1   2 1 1 1
   1395  20   1   2 1 1 1
   1396  21   1   2 1 1 1
   1397  22   1   2 1 1 1
   1398  23   1   2 1 1 1
   1399  24   1   2 1 1 1
   1400  25   1   2 1 1 1
   1401   1   2   2 1 1 1
   1402   2   2   2 1 1 1
   1403   3   2   2 1 1 1
   1404   4   2   2 1 1 1
   1405   5   2   2 1 1 1
   1406   6   2   2 1 1 1
   1407   7   2   2 1 1 1
   1408   8   2   2 1 1 1
   1409   9   2   2 1 1 1
   1410  10   2   2 1 1 1
   1411  11   2   2 1 1 1
   1412  12   2   2 1 1 1
   1413  13   2   2 1 1 1
   1414  14   2   2 1 1 1
   1415  15   2   2 1 1 1
   1416  16   2   2 1 1 1
   1417  17   2   2 1 1 1
   1418  18   2   2 1 1 1
   1419  19   2   2 1 1 1
   1420  20   2   2 1 1 1
   1421  21   2   2 1 1 1
   1422  22   2   2 1 1 1
   1423  23   2   2 1 1 1
   1424  24   2   2 1 1 1
   1425  25   2   2 1 1 1
   1426   1   3   2 1 1 1
   1427   2   3   2 1 1 1
   1428   3   3   2 1 1 1
   1429   4   3   2 1 1 1
   1430   5   3   2 1 1 1
   1431   6   3   2 1 1 1
   1432   7   3   2 1 1 1
   1433   8   3   2 1 1 1
   1434   9   3   2 1 1 1
   1435  10   3   2 1 1 1
   1436  11   3   2 1 1 1
   1437  12   3   2 1 1 1
   1438  13   3   2 1 1 1
   1439  14   3   2 1 1 1
   1440  15   3   2 1 1 1
   1441  16   3   2 1 1 1
   1442  17   3   2 1 1 1
   1443  18   3   2 1 1 1
   1444  19   3   2 1 1 1
   1445  20   3   2 1 1 1
   1446  21   3   2 1 1 1
   1447  22   3   2 1 1 1
   1448  23   3   2 1 1 1
   1449  24   3   2 1 1 1
   1450  25   3   2 1 1 1
   1451   1   4   2 1 1 1
   1452   2   4   2 1 1 1
   1453   3   4   2 1 1 1
   1454   4   4   2 1 1 1
   1455   5   4   2 1 1 1
   1456   6   4   2 1 1 1
   1457   7   4   2 1 1 1
   1458   8   4   2 1 1 1
   1459   9   4   2 1 1 1
   1460  10   4   2 1 1 1
   1461  11   4   2 1 1 1
   1462  12   4   2 1 1 1
   1463  13   4   2 1 1 1
   1464  14   4   2 1 1 1
   1465  15   4   2 1 1 1
   1466  16   4   2 1 1 1
   1467  17   4   2 1 1 1
   1468  18   4   2 1 1 1
   1469  19   4   2 1 1 1
   1470  20   4   2 1 1 1
   1471  21   4   2 1 1 1
   1472  22   4   2 1 1 1
   1473  23   4   2 1 1 1
   1474  24   4   2 1 1 1
   1475  25   4   2 1 1 1
   1476   1   5   2 1 1 1
   1477   2   5   2 1 1 1
   1478   3   5   2 1 1 1
   1479   4   5   2 1 1 1
   1480   5   5   2 1 1 1
   1481   6   5   2 1 1 1
   1482   7   5   2 1 1 1
   1483   8   5   2 1 1 1
   1484   9   5   2 1 1 1
   1485  10   5   2 1 1 1
   1486  11   5   2 1 1 1
   1487  12   5   2 1 1 1
   1488  13   5   2 1 1 1
   1489  14   5   2 1 1 1
   1490  15   5   2 1 1 1
   1491  16   5   2 1 1 1
   1492  17   5   2 1 1 1
   1493  18   5   2 1 1 1
   1494  19   5   2 1 1 1
   1495  20   5   2 1 1 1
   1496  21   5   2 1 1 1
   1497  22   5   2 1 1 1
   1498  23   5   2 1 1 1
   1499  24   5   2 1 1 1
   1500  25   5   2 1 1 1
   1501   1  -3   3 1 1 1
   1502   2  -3   3 1 1 1
   1503   3  -3   3 1 1 1
   1504   4  -3   3 1 1 1
   1505   5  -3   3 1 1 1
   1506   6  -3   3 1 1 1
   1507   7  -3   3 1 1 1
   1508   8  -3   3 1 1 1
   1509   9  -3   3 1 1 1
   1510  10  -3   3 1 1 1
   1511  11  -3   3 1 1 1
   1512  12  -3   3 1 1 1
   1513  13  -3   3 1 1 1
   1514  14  -3   3 1 1 1
   1515  15  -3   3 1 1 1
   1516  16  -3   3 1 1 1
   1517  17  -3   3 1 1 1
   1518  18  -3   3 1 1 1
   1519  19  -3   3 1 1 1
   1520  20  -3   3 1 1 1
   1521  21  -3   3 1 1 1
   1522  22  -3   3 1 1 1
   1523  23  -3   3 1 1 1
   1524  24  -3   3 1 1 1
   1525  25  -3   3 1 1 1
   1526   1  -2   3 1 1 1
   1527   2  -2   3 1 1 1
   1528   3  -2   3 1 1 1
   1529   4  -2   3 1 1 1
   1530   5  -2   3 1 1 1
   1531   6  -2   3 1 1 1
   1532   7  -2   3 1 1 1
   1533   8  -2   3 1 1 1
   1534   9  -2   3 1 1 1
   1535  10  -2   3 1 1 1
   1536  11  -2   3 1 1 1
   1537  12  -2   3 1 1 1
   1538  13  -2   3 1 1 1
   1539  14  -2   3 1 1 1
   1540  15  -2   3 1 1 1
   1541  16  -2   3 1 1 1
   1542  17  -2   3 1 1 1
   1543  18  -2   3 1 1 1
   1544  19  -2   3 1 1 1
   1545  20  -2   3 1 1 1
   1546  21  -2   3 1 1 1
   1547  22  -2   3 1 1 1
   1548  23  -2   3 1 1 1
   1549  24  -2   3 1 1 1
   1550  25  -2   3 1 1 1
   1551   1  -1   3 1 1 1
   1552   2  -1   3 1 1 1
   1553   3  -1   3 1 1 1
   1554   4  -1   3 1 1 1
   1555   5  -1   3 1 1 1
   1556   6  -1   3 1 1 1
   1557   7  -1   3 1 1 1
   1558   8  -1   3 1 1 1
   1559   9  -1   3 1 1 1
   1560  10  -1   3 1 1 1
   1561  11  -1   3 1 1 1
   1562  12  -1   3 1 1 1
   1563  13  -1   3 1 1 1
   1564  14  -1   3 1 1 1
   1565  15  -1   3 1 1 1
   1566  16  -1   3 1 1 1
   1567  17  -1   3 1 1 1
   1568  18  -1   3 1 1 1
   1569  19  -1   3 1 1 1
   1570  20  -1   3 1 1 1
   1571  21  -1   3 1 1 1
   1572  22  -1   3 1 1 1
   1573  23  -1   3 1 1 1
   1574  24  -1   3 1 1 1
   1575  25  -1   3 1 1 1
   1576   1   0   3 1 1 1
   1577   2   0   3 1 1 1
   1578   3   0   3 1 1 1
   1579   4   0   3 1 1 1
   1580   5   0   3 1 1 1
   1581   6   0   3 1 1 1
   1582   7   0   3 1 1 1
   1583   8   0   3 1 1 1
   1584   9   0   3 1 1 1
   1585  10   0   3 1 1 1
   1586  11   0   3 1 1 1
   1587  12   0   3 1 1 1
   1588  13   0   3 1 1 1
   1589  14   0   3 1 1 1
   1590  15   0   3 1 1 1
   1591  16   0   3 1 1 1
   1592  17   0   3 1 1 1
   1593  18   0   3 1 1 1
   1594  19   0   3 1 1 1
   1595  20   0   3 1 1 1
   1596  21   0   3 1 1 1
   1597  22   0   3 1 1 1
   1598  23   0   3 1 1 1
   1599  24   0   3 1 1 1
   1600  25   0   3 1 1 1
   1601   1   1   3 1 1 1
   1602   2   1   3 1 1 1
   1603   3   1   3 1 1 1
   1604   4   1   3 1 1 1
   1605   5   1   3 1 1 1
   1606   6   1   3 1 1 1
   1607   7   1   3 1 1 1
   1608   8   1   3 1 1 1
   1609   9   1   3 1 1 1
   1610  10   1   3 1 1 1
   1611  11   1   3 1 1 1
   1612  12   1   3 1 1 1
   1613  13   1   3 1 1 1
   1614  14   1   3 1 1 1
   1615  15   1   3 1 1 1
   1616  16   1   3 1 1 1
   1617  17   1   3 1 1 1
   1618  18   1   3 1 1 1
   1619  19   1   3 1 1 1
   1620  20   1   3 1 1 1
   1621  21   1   3 1 1 1
   1622  22   1   3 1 1 1
   1623  23   1   3 1 1 1
   1624  24   1   3 1 1 1
   1625  25   1   3 1 1 1
   1626   1   2   3 1 1 1
   1627   2   2   3 1 1 1
   1628   3   2   3 1 1 1
   1629   4   2   3 1 1 1
   1630   5   2   3 1 1 1
   1631   6   2   3 1 1 1
   1632   7   2   3 1 1 1
   1633   8   2   3 1 1 1
   1634   9   2   3 1 1 1
   1635  10   2   3 1 1 1
   1636  11   2   3 1 1 1
   1637  12   2   3 1 1 1
   1638  13   2   3 1 1 1
   1639  14   2   3 1 1 1
   1640  15   2   3 1 1 1
   1641  16   2   3 1 1 1
   1642  17   2   3 1 1 1
   1643  18   2   3 1 1 1
   1644  19   2   3 1 1 1
   1645  20   2   3 1 1 1
   1646  21   2   3 1 1 1
   1647  22   2   3 1 1 1
   1648  23   2   3 1 1 1
   1649  24   2   3 1 1 1
   1650  25   2   3 1 1 1
   1651   1   3   3 1 1 1
   1652   2   3   3 1 1 1
   1653   3   3   3 1 1 1
   1654   4   3   3 1 1 1
   1655   5   3   3 1 1 1
   1656   6   3   3 1 1 1
   1657   7   3   3 1 1 1
   1658   8   3   3 1 1 1
   1659   9   3   3 1 1 1
   1660  10   3   3 1 1 1
   1661  11   3   3 1 1 1
   1662  12   3   3 1 1 1
   1663  13   3   3 1 1 1
   1664  14   3   3 1 1 1
   1665  15   3   3 1 1 1
   1666  16   3   3 1 1 1
   1667  17   3   3 1 1 1
   1668  18   3   3 1 1 1
   1669  19   3   3 1 1 1
   1670  20   3   3 1 1 1
   1671  21   3   3 1 1 1
   1672  22   3   3 1 1 1
   1673  23   3   3 1 1 1
   1674  24   3   3 1 1 1
   1675  25   3   3 1 1 1
   1676   1   4   3 1 1 1
   1677   2   4   3 1 1 1
   1678   3   4   3 1 1 1
   1679   4   4   3 1 1 1
   1680   5   4   3 1 1 1
   1681   6   4   3 1 1 1
   1682   7   4   3 1 1 1
   1683   8   4   3 1 1 1
   1684   9   4   3 1 1 1
   1685  10   4   3 1 1 1
   1686  11   4   3 1 1 1
   1687  12   4   3 1 1 1
   1688  13   4   3 1 1 1
   1689  14   4   3 1 1 1
   1690  15   4   3 1 1 1
   1691  16   4   3 1 1 1
   1692  17   4   3 1 1 1
   1693  18   4   3 1 1 1
   1694  19   4   3 1 1 1
   1695  20   4   3 1 1 1
   1696  21   4   3 1 1 1
   1697  22   4   3 1 1 1
   1698  23   4   3 1 1 1
   1699  24   4   3 1 1 1
   1700  25   4   3 1 1 1
   1701   1  -3   4 1 1 1
   1702   2  -3   4 1 1 1
   1703   3  -3   4 1 1 1
   1704   4  -3   4 1 1 1
   1705   5  -3   4 1 1 1
   1706   6  -3   4 1 1 1
   1707   7  -3   4 1 1 1
   1708   8  -3   4 1 1 1
   1709   9  -3   4 1 1 1
   1710  10  -3   4 1 1 1
   1711  11  -3   4 1 1 1
   1712  12  -3   4 1 1 1
   1713  13  -3   4 1 1 1
   1714  14  -3   4 1 1 1
   1715  15  -3   4 1 1 1
   1716  16  -3   4 1 1 1
   1717  17  -3   4 1 1 1
   1718  18  -3   4 1 1 1
   1719  19  -3   4 1 1 1
   1720  20  -3   4 1 1 1
   1721  21  -3   4 1 1 1
   1722  22  -3   4 1 1 1
   1723  23  -3   4 1 1 1
   1724  24  -3   4 1 1 1
   1725  25  -3   4 1 1 1
   1726   1  -2   4 1 1 1
   1727   2  -2   4 1 1 1
   1728   3  -2   4 1 1 1
   1729   4  -2   4 1 1 1
   1730   5  -2   4 1 1 1
   1731   6  -2   4 1 1 1
   1732   7  -2   4 1 1 1
   1733   8  -2   4 1 1 1
   1734   9  -2   4 1 1 1
   1735  10  -2   4 1 1 1
   1736  11  -2   4 1 1 1
   1737  12  -2   4 1 1 1
   1738  13  -2   4 1 1 1
   1739  14  -2   4 1 1 1
   1740  15  -2   4 1 1 1
   1741  16  -2   4 1 1 1
   1742  17  -2   4 1 1 1
   1743  18  -2   4 1 1 1
   1744  19  -2   4 1 1 1
   1745  20  -2   4 1 1 1
   1746  21  -2   4 1 1 1
   1747  22  -2   4 1 1 1
   1748  23  -2   4 1 1 1
   1749  24  -2   4 1 1 1
   1750  25  -2   4 1 1 1
   1751   1  -1   4 1 1 1
   1752   2  -1   4 1 1 1
   1753   3  -1   4 1 1 1
   1754   4  -1   4 1 1 1
   1755   5  -1   4 1 1 1
   1756   6  -1   4 1 1 1
   1757   7  -1   4 1 1 1
   1758   8  -1   4 1 1 1
   1759   9  -1   4 1 1 1
   1760  10  -1   4 1 1 1
   1761  11  -1   4 1 1 1
   1762  12  -1   4 1 1 1
   1763  13  -1   4 1 1 1
   1764  14  -1   4 1 1 1
   1765  15  -1   4 1 1 1
   1766  16  -1   4 1 1 1
   1767  17  -1   4 1 1 1
   1768  18  -1   4 1 1 1
   1769  19  -1   4 1 1 1
   1770  20  -1   4 1 1 1
   1771  21  -1   4 1 1 1
   1772  22  -1   4 1 1 1
   1773  23  -1   4 1 1 1
   1774  24  -1   4 1 1 1
   1775  25  -1   4 1 1 1
   1776   1   0   4 1 1 1
   1777   2   0   4 1 1 1
   1778   3   0   4 1 1 1
   1779   4   0   4 1 1 1
   1780   5   0   4 1 1 1
   1781   6   0   4 1 1 1
   1782   7   0   4 1 1 1
   1783   8   0   4 1 1 1
   1784   9   0   4 1 1 1
   1785  10   0   4 1 1 1
   1786  11   0   4 1 1 1
   1787  12   0   4 1 1 1
   1788  13   0   4 1 1 1
   1789  14   0   4 1 1 1
   1790  15   0   4 1 1 1
   1791  16   0   4 1 1 1
   1792  17   0   4 1 1 1
   1793  18   0   4 1 1 1
   1794  19   0   4 1 1 1
   1795  20   0   4 1 1 1
   1796  21   0   4 1 1 1
   1797  22   0   4 1 1 1
   1798  23   0   4 1 1 1
   1799  24   0   4 1 1 1
   1800  25   0   4 1 1 1
   1801   1   1   4 1 1 1
   1802   2   1   4 1 1 1
   1803   3   1   4 1 1 1
   1804   4   1   4 1 1 1
   1805   5   1   4 1 1 1
   1806   6   1   4 1 1 1
   1807   7   1   4 1 1 1
   1808   8   1   4 1 1 1
   1809   9   1   4 1 1 1
   1810  10   1   4 1 1 1
   1811  11   1   4 1 1 1
   1812  12   1   4 1 1 1
   1813  13   1   4 1 1 1
   1814  14   1   4 1 1 1
   1815  15   1   4 1 1 1
   1816  16   1   4 1 1 1
   1817  17   1   4 1 1 1
   1818  18   1   4 1 1 1
   1819  19   1   4 1 1 1
   1820  20   1   4 1 1 1
   1821  21   1   4 1 1 1
   1822  22   1   4 1 1 1
   1823  23   1   4 1 1 1
   1824  24   1   4 1 1 1
   1825  25   1   4 1 1 1
   1826   1   2   4 1 1 1
   1827   2   2   4 1 1 1
   1828   3   2   4 1 1 1
   1829   4   2   4 1 1 1
   1830   5   2   4 1 1 1
   1831   6   2   4 1 1 1
   1832   7   2   4 1 1 1
   1833   8   2   4 1 1 1
   1834   9   2   4 1 1 1
   1835  10   2   4 1 1 1
   1836  11   2   4 1 1 1
   1837  12   2   4 1 1 1
   1838  13   2   4 1 1 1
   1839  14   2   4 1 1 1
   1840  15   2   4 1 1 1
   1841  16   2   4 1 1 1
   1842  17   2   4 1 1 1
   1843  18   2   4 1 1 1
   1844  19   2   4 1 1 1
   1845  20   2   4 1 1 1
   1846  21   2   4 1 1 1
   1847  22   2   4 1 1 1
   1848  23   2   4 1 1 1
   1849  24   2   4 1 1 1
   1850  25   2   4 1 1 1
   1851   1   3   4 1 1 1
   1852   2   3   4 1 1 1
   1853   3   3   4 1 1 1
   1854   4   3   4 1 1 1
   1855   5   3   4 1 1 1
   1856   6   3   4 1 1 1
   1857   7   3   4 1 1 1
   1858   8   3   4 1 1 1
   1859   9   3   4 1 1 1
   1860  10   3   4 1 1 1
   1861  11   3   4 1 1 1
   1862  12   3   4 1 1 1
   1863  13   3   4 1 1 1
   1864  14   3   4 1 1 1
   1865  15   3   4 1 1 1
   1866  16   3   4 1 1 1
   1867  17   3   4 1 1 1
   1868  18   3   4 1 1 1
   1869  19   3   4 1 1 1
   1870  20   3   4 1 1 1
   1871  21   3   4 1 1 1
   1872  22   3   4 1 1 1
   1873  23   3   4 1 1 1
   1874  24   3   4 1 1 1
   1875  25   3   4 1 1 1
   1876   1   4   4 1 1 1
   1877   2   4   4 1 1 1
   1878   3   4   4 1 1 1
   1879   4   4   4 1 1 1
   1880   5   4   4 1 1 1
   1881   6   4   4 1 1 1
   1882   7   4   4 1 1 1
   1883   8   4   4 1 1 1
   1884   9   4   4 1 1 1
   1885  10   4   4 1 1 1
   1886  11   4   4 1 1 1
   1887  12   4   4 1 1 1
   1888  13   4   4 1 1 1
   1889  14   4   4 1 1 1
   1890  15   4   4 1 1 1
   1891  16   4   4 1 1 1
   1892  17   4   4 1 1 1
   1893  18   4   4 1 1 1
   1894  19   4   4 1 1 1
   1895  20   4   4 1 1 1
   1896  21   4   4 1 1 1
   1897  22   4   4 1 1 1
   1898  23   4   4 1 1 1
   1899  24   4   4 1 1 1
   1900  25   4   4 1 1 1
   1901   1  -1   5 1 1 1
   1902   2  -1   5 1 1 1
   1903   3  -1   5 1 1 1
   1904   4  -1   5 1 1 1
   1905   5  -1   5 1 1 1
   1906   6  -1   5 1 1 1
   1907   7  -1   5 1 1 1
   1908   8  -1   5 1 1 1
   1909   9  -1   5 1 1 1
   1910  10  -1   5 1 1 1
   1911  11  -1   5 1 1 1
   1912  12  -1   5 1 1 1
   1913  13  -1   5 1 1 1
   1914  14  -1   5 1 1 1
   1915  15  -1   5 1 1 1
   1916  16  -1   5 1 1 1
   1917  17  -1   5 1 1 1
   1918  18  -1   5 1 1 1
   1919  19  -1   5 1 1 1
   1920  20  -1   5 1 1 1
   1921  21  -1   5 1 1 1
   1922  22  -1   5 1 1 1
   1923  23  -1   5 1 1 1
   1924  24  -1   5 1 1 1
   1925  25  -1   5 1 1 1
   1926   1   0   5 1 1 1
   1927   2   0   5 1 1 1
   1928   3   0   5 1 1 1
   1929   4   0   5 1 1 1
   1930   5   0   5 1 1 1
   1931   6   0   5 1 1 1
   1932   7   0   5 1 1 1
   1933   8   0   5 1 1 1
   1934   9   0   5 1 1 1
   1935  10   0   5 1 1 1
   1936  11   0   5 1 1 1
   1937  12   0   5 1 1 1
   1938  13   0   5 1 1 1
   1939  14   0   5 1 1 1
   1940  15   0   5 1 1 1
   1941  16   0   5 1 1 1
   1942  17   0   5 1 1 1
   1943  18   0   5 1 1 1
   1944  19   0   5 1 1 1
   1945  20   0   5 1 1 1
   1946  21   0   5 1 1 1
   1947  22   0   5 1 1 1
   1948  23   0   5 1 1 1
   1949  24   0   5 1 1 1
   1950  25   0   5 1 1 1
   1951   1   1   5 1 1 1
   1952   2   1   5 1 1 1
   1953   3   1   5 1 1 1
   1954   4   1   5 1 1 1
   1955   5   1   5 1 1 1
   1956   6   1   5 1 1 1
   1957   7   1   5 1 1 1
   1958   8   1   5 1 1 1
   1959   9   1   5 1 1 1
   1960  10   1   5 1 1 1
   1961  11   1   5 1 1 1
   1962  12   1   5 1 1 1
   1963  13   1   5 1 1 1
   1964  14   1   5 1 1 1
   1965  15   1   5 1 1 1
   1966  16   1   5 1 1 1
   1967  17   1   5 1 1 1
   1968  18   1   5 1 1 1
   1969  19   1   5 1 1 1
   1970  20   1   5 1 1 1
   1971  21   1   5 1 1 1
   1972  22   1   5 1 1 1
   1973  23   1   5 1 1 1
   1974  24   1   5 1 1 1
   1975  25   1   5 1 1 1
   1976   1   2   5 1 1 1
   1977   2   2   5 1 1 1
   1978   3   2   5 1 1 1
   1979   4   2   5 1 1 1
   1980   5   2   5 1 1 1
   1981   6   2   5 1 1 1
   1982   7   2   5 1 1 1
   1983   8   2   5 1 1 1
   1984   9   2   5 1 1 1
   1985  10   2   5 1 1 1
   1986  11   2   5 1 1 1
   1987  12   2   5 1 1 1
   1988  13   2   5 1 1 1
   1989  14   2   5 1 1 1
   1990  15   2   5 1 1 1
   1991  16   2   5 1 1 1
   1992  17   2   5 1 1 1
   1993  18   2   5 1 1 1
   1994  19   2   5 1 1 1
   1995  20   2   5 1 1 1
   1996  21   2   5 1 1 1
   1997  22   2   5 1 1 1
   1998  23   2   5 1 1 1
   1999  24   2   5 1 1 1
   2000  25   2   5 1 1 1
   2001  -1  -1  -4 1 1 1
   2002   0  -1  -4 1 1 1
   2003  26  -1  -4 1 1 1
   2004  27  -1  -4 1 1 1
   2005  -1   0  -4 1 1 1
   2006   0   0  -4 1 1 1
   2007  26   0  -4 1 1 1
   2008  27   0  -4 1 1 1
   2009  -1   1  -4 1 1 1
   2010   0   1  -4 1 1 1
   2011  26   1  -4 1 1 1
   2012  27   1  -4 1 1 1
   2013  -1   2  -4 1 1 1
   2014   0   2  -4 1 1 1
   2015  26   2  -4 1 1 1
   2016  27   2  -4 1 1 1
   2017   0  -3  -3 1 1 1
   2018  26  -3  -3 1 1 1
   2019  -2  -2  -3 1 1 1
   2020  -1  -2  -3 1 1 1
   2021   0  -2  -3 1 1 1
   2022  26  -2  -3 1 1 1
   2023  27  -2  -3 1 1 1
   2024  28  -2  -3 1 1 1
   2025  -2  -1  -3 1 1 1
   2026  -1  -1  -3 1 1 1
   2027   0  -1  -3 1 1 1
   2028  26  -1  -3 1 1 1
   2029  27  -1  -3 1 1 1
   2030  28  -1  -3 1 1 1
   2031  -3   0  -3 1 1 1
   2032  -2   0  -3 1 1 1
   2033  -1   0  -3 1 1 1
   2034   0   0  -3 1 1 1
   2035  26   0  -3 1 1 1
   2036  27   0  -3 1 1 1
   2037  28   0  -3 1 1 1
   2038  29   0  -3 1 1 1
   2039  -3   1  -3 1 1 1
   2040  -2   1  -3 1 1 1
   2041  -1   1  -3 1 1 1
   2042   0   1  -3 1 1 1
   2043  26   1  -3 1 1 1
   2044  27   1  -3 1 1 1
   2045  28   1  -3 1 1 1
   2046  29   1  -3 1 1 1
   2047  -2   2  -3 1 1 1
   2048  -1   2  -3 1 1 1
   2049   0   2  -3 1 1 1
   2050  26   2  -3 1 1 1
   2051  27   2  -3 1 1 1
   2052  28   2  -3 1 1 1
   2053  -2   3  -3 1 1 1
   2054  -1   3  -3 1 1 1
   2055   0   3  -3 1 1 1
   2056  26   3  -3 1 1 1
   2057  27   3  -3 1 1 1
   2058  28   3  -3 1 1 1
   2059   0   4  -3 1 1 1
   2060  26   4  -3 1 1 1
   2061  -2  -3  -2 1 1 1
   2062  -1  -3  -2 1 1 1
   2063   0  -3  -2 1 1 1
   2064  26  -3  -2 1 1 1
   2065  27  -3  -2 1 1 1
   2066  28  -3  -2 1 1 1
   2067  -3  -2  -2 1 1 1
   2068  -2  -2  -2 1 1 1
   2069  -1  -2  -2 1 1 1
   2070   0  -2  -2 1 1 1
   2071  26  -2  -2 1 1 1
   2072  27  -2  -2 1 1 1
   2073  28  -2  -2 1 1 1
   2074  29  -2  -2 1 1 1
   2075  -3  -1  -2 1 1 1
   2076  -2  -1  -2 1 1 1
   2077  -1  -1  -2 1 1 1
   2078   0  -1  -2 1 1 1
   2079  26  -1  -2 1 1 1
   2080  27  -1  -2 1 1 1
   2081  28  -1  -2 1 1 1
   2082  29  -1  -2 1 1 1
   2083  -3   0  -2 1 1 1
   2084  -2   0  -2 1 1 1
   2085  -1   0  -2 1 1 1
   2086   0   0  -2 1 1 1
   2087  26   0  -2 1 1 1
   2088  27   0  -2 1 1 1
   2089  28   0  -2 1 1 1
   2090  29   0  -2 1 1 1
   2091  -3   1  -2 1 1 1
   2092  -2   1  -2 1 1 1
   2093  -1   1  -2 1 1 1
   2094   0   1  -2 1 1 1
   2095  26   1  -2 1 1 1
   2096  27   1  -2 1 1 1
   2097  28   1  -2 1 1 1
   2098  29   1  -2 1 1 1
   2099  -3   2  -2 1 1 1
   2100  -2   2  -2 1 1 1
   2101  -1   2  -2 1 1 1
   2102   0   2  -2 1 1 1
   2103  26   2  -2 1 1 1
   2104  27   2  -2 1 1 1
   2105  28   2  -2 1 1 1
   2106  29   2  -2 1 1 1
   2107  -3   3  -2 1 1 1
   2108  -2   3  -2 1 1 1
   2109  -1   3  -2 1 1 1
   2110   0   3  -2 1 1 1
   2111  26   3  -2 1 1 1
   2112  27   3  -2 1 1 1
   2113  28   3  -2 1 1 1
   2114  29   3  -2 1 1 1
   2115  -2   4  -2 1 1 1
   2116  -1   4  -2 1 1 1
   2117   0   4  -2 1 1 1
   2118  26   4  -2 1 1 1
   2119  27   4  -2 1 1 1
   2120  28   4  -2 1 1 1
   2121  -1  -4  -1 1 1 1
   2122   0  -4  -1 1 1 1
   2123  26  -4  -1 1 1 1
   2124  27  -4  -1 1 1 1
   2125  -2  -3  -1 1 1 1
   2126  -1  -3  -1 1 1 1
   2127   0  -3  -1 1 1 1
   2128  26  -3  -1 1 1 1
   2129  27  -3  -1 1 1 1
   2130  28  -3  -1 1 1 1
   2131  -3  -2  -1 1 1 1
   2132  -2  -2  -1 1 1 1
   2133  -1  -2  -1 1 1 1
   2134   0  -2  -1 1 1 1
   2135  26  -2  -1 1 1 1
   2136  27  -2  -1 1 1 1
   2137  28  -2  -1 1 1 1
   2138  29  -2  -1 1 1 1
   2139  -4  -1  -1 1 1 1
   2140  -3  -1  -1 1 1 1
   2141  -2  -1  -1 1 1 1
   2142  -1  -1  -1 1 1 1
   2143   0  -1  -1 1 1 1
   2144  26  -1  -1 1 1 1
   2145  27  -1  -1 1 1 1
   2146  28  -1  -1 1 1 1
   2147  29  -1  -1 1 1 1
   2148  30  -1  -1 1 1 1
   2149  -4   0  -1 1 1 1
   2150  -3   0  -1 1 1 1
   2151  -2   0  -1 1 1 1
   2152  -1   0  -1 1 1 1
   2153   0   0  -1 1 1 1
   2154  26   0  -1 1 1 1
   2155  27   0  -1 1 1 1
   2156  28   0  -1 1 1 1
   2157  29   0  -1 1 1 1
   2158  30   0  -1 1 1 1
   2159  -4   1  -1 1 1 1
   2160  -3   1  -1 1 1 1
   2161  -2   1  -1 1 1 1
   2162  -1   1  -1 1 1 1
   2163   0   1  -1 1 1 1
   2164  26   1  -1 1 1 1
   2165  27   1  -1 1 1 1
   2166  28   1  -1 1 1 1
   2167  29   1  -1 1 1 1
   2168  30   1  -1 1 1 1
   2169  -4   2  -1 1 1 1
   2170  -3   2  -1 1 1 1
   2171  -2   2  -1 1 1 1
   2172  -1   2  -1 1 1 1
   2173   0   2  -1 1 1 1
   2174  26   2  -1 1 1 1
   2175  27   2  -1 1 1 1
   2176  28   2  -1 1 1 1
   2177  29   2  -1 1 1 1
   2178  30   2  -1 1 1 1
   2179  -3   3  -1 1 1 1
   2180  -2   3  -1 1 1 1
   2181  -1   3  -1 1 1 1
   2182   0   3  -1 1 1 1
   2183  26   3  -1 1 1 1
   2184  27   3  -1 1 1 1
   2185  28   3  -1 1 1 1
   2186  29   3  -1 1 1 1
   2187  -2   4  -1 1 1 1
   2188  -1   4  -1 1 1 1
   2189   0   4  -1 1 1 1
   2190  26   4  -1 1 1 1
   2191  27   4  -1 1 1 1
   2192  28   4  -1 1 1 1
   2193  -1   5  -1 1 1 1
   2194   0   5  -1 1 1 1
   2195  26   5  -1 1 1 1
   2196  27   5  -1 1 1 1
   2197  -1  -4   0 1 1 1
   2198   0  -4   0 1 1 1
   2199  26  -4   0 1 1 1
   2200  27  -4   0 1 1 1
   2201  -3  -3   0 1 1 1
   2202  -2  -3   0 1 1 1
   2203  -1  -3   0 1 1 1
   2204   0  -3   0 1 1 1
   2205  26  -3   0 1 1 1
   2206  27  -3   0 1 1 1
   2207  28  -3   0 1 1 1
   2208  29  -3   0 1 1 1
   2209  -3  -2   0 1 1 1
   2210  -2  -2   0 1 1 1
   2211  -1  -2   0 1 1 1
   2212   0  -2   0 1 1 1
   2213  26  -2   0 1 1 1
   2214  27  -2   0 1 1 1
   2215  28  -2   0 1 1 1
   2216  29  -2   0 1 1 1
   2217  -4  -1   0 1 1 1
   2218  -3  -1   0 1 1 1
   2219  -2  -1   0 1 1 1
   2220  -1  -1   0 1 1 1
   2221   0  -1   0 1 1 1
   2222  26  -1   0 1 1 1
   2223  27  -1   0 1 1 1
   2224  28  -1   0 1 1 1
   2225  29  -1   0 1 1 1
   2226  30  -1   0 1 1 1
   2227  -4   0   0 1 1 1
   2228  -3   0   0 1 1 1
   2229  -2   0   0 1 1 1
   2230  -1   0   0 1 1 1
   2231   0   0   0 1 1 1
   2232  26   0   0 1 1 1
   2233  27   0   0 1 1 1
   2234  28   0   0 1 1 1
   2235  29   0   0 1 1 1
   2236  30   0   0 1 1 1
   2237  -4   1   0 1 1 1
   2238  -3   1   0 1 1 1
   2239  -2   1   0 1 1 1
   2240  -1   1   0 1 1 1
   2241   0   1   0 1 1 1
   2242  26   1   0 1 1 1
   2243  27   1   0 1 1 1
   2244  28   1   0 1 1 1
   2245  29   1   0 1 1 1
   2246  30   1   0 1 1 1
   2247  -4   2   0 1 1 1
   2248  -3   2   0 1 1 1
   2249  -2   2   0 1 1 1
   2250  -1   2   0 1 1 1
   2251   0   2   0 1 1 1
   2252  26   2   0 1 1 1
   2253  27   2   0 1 1 1
   2254  28   2   0 1 1 1
   2255  29   2   0 1 1 1
   2256  30   2   0 1 1 1
   2257  -3   3   0 1 1 1
   2258  -2   3   0 1 1 1
   2259  -1   3   0 1 1 1
   2260   0   3   0 1 1 1
   2261  26   3   0 1 1 1
   2262  27   3   0 1 1 1
   2263  28   3   0 1 1 1
   2264  29   3   0 1 1 1
   2265  -3   4   0 1 1 1
   2266  -2   4   0 1 1 1
   2267  -1   4   0 1 1 1
   2268   0   4   0 1 1 1
   2269  26   4   0 1 1 1
   2270  27   4   0 1 1 1
   2271  28   4   0 1 1 1
   2272  29   4   0 1 1 1
   2273  -1   5   0 1 1 1
   2274   0   5   0 1 1 1
   2275  26   5   0 1 1 1
   2276  27   5   0 1 1 1
   2277  -1  -4   1 1 1 1
   2278   0  -4   1 1 1 1
   2279  26  -4   1 1 1 1
   2280  27  -4   1 1 1 1
   2281  -3  -3   1 1 1 1
   2282  -2  -3   1 1 1 1
   2283  -1  -3   1 1 1 1
   2284   0  -3   1 1 1 1
   2285  26  -3   1 1 1 1
   2286  27  -3   1 1 1 1
   2287  28  -3   1 1 1 1
   2288  29  -3   1 1 1 1
   2289  -3  -2   1 1 1 1
   2290  -2  -2   1 1 1 1
   2291  -1  -2   1 1 1 1
   2292   0  -2   1 1 1 1
   2293  26  -2   1 1 1 1
   2294  27  -2   1 1 1 1
   2295  28  -2   1 1 1 1
   2296  29  -2   1 1 1 1
   2297  -4  -1   1 1 1 1
   2298  -3  -1   1 1 1 1
   2299  -2  -1   1 1 1 1
   2300  -1  -1   1 1 1 1
   2301   0  -1   1 1 1 1
   2302  26  -1   1 1 1 1
   2303  27  -1   1 1 1 1
   2304  28  -1   1 1 1 1
   2305  29  -1   1 1 1 1
   2306  30  -1   1 1 1 1
   2307  -4   0   1 1 1 1
   2308  -3   0   1 1 1 1
   2309  -2   0   1 1 1 1
   2310  -1   0   1 1 1 1
   2311   0   0   1 1 1 1
   2312  26   0   1 1 1 1
   2313  27   0   1 1 1 1
   2314  28   0   1 1 1 1
   2315  29   0   1 1 1 1
   2316  30   0   1 1 1 1
   2317  -4   1   1 1 1 1
   2318  -3   1   1 1 1 1
   2319  -2   1   1 1 1 1
   2320  -1   1   1 1 1 1
   2321   0   1   1 1 1 1
   2322  26   1   1 1 1 1
   2323  27   1   1 1 1 1
   2324  28   1   1 1 1 1
   2325  29   1   1 1 1 1
   2326  30   1   1 1 1 1
   2327  -4   2   1 1 1 1
   2328  -3   2   1 1 1 1
   2329  -2   2   1 1 1 1
   2330  -1   2   1 1 1 1
   2331   0   2   1 1 1 1
   2332  26   2   1 1 1 1
   2333  27   2   1 1 1 1
   2334  28   2   1 1 1 1
   2335  29   2   1 1 1 1
   2336  30   2   1 1 1 1
   2337  -3   3   1 1 1 1
   2338  -2   3   1 1 1 1
   2339  -1   3   1 1 1 1
   2340   0   3   1 1 1 1
   2341  26   3   1 1 1 1
   2342  27   3   1 1 1 1
   2343  28   3   1 1 1 1
   2344  29   3   1 1 1 1
   2345  -3   4   1 1 1 1
   2346  -2   4   1 1 1 1
   2347  -1   4   1 1 1 1
   2348   0   4   1 1 1 1
   2349  26   4   1 1 1 1
   2350  27   4   1 1 1 1
   2351  28   4   1 1 1 1
   2352  29   4   1 1 1 1
   2353  -1   5   1 1 1 1
   2354   0   5   1 1 1 1
   2355  26   5   1 1 1 1
   2356  27   5   1 1 1 1
   2357  -1  -4   2 1 1 1
   2358   0  -4   2 1 1 1
   2359  26  -4   2 1 1 1
   2360  27  -4   2 1 1 1
   2361  -2  -3   2 1 1 1
   2362  -1  -3   2 1 1 1
   2363   0  -3   2 1 1 1
   2364  26  -3   2 1 1 1
   2365  27  -3   2 1 1 1
   2366  28  -3   2 1 1 1
   2367  -3  -2   2 1 1 1
   2368  -2  -2   2 1 1 1
   2369  -1  -2   2 1 1 1
   2370   0  -2   2 1 1 1
   2371  26  -2   2 1 1 1
   2372  27  -2   2 1 1 1
   2373  28  -2   2 1 1 1
   2374  29  -2   2 1 1 1
   2375  -4  -1   2 1 1 1
   2376  -3  -1   2 1 1 1
   2377  -2  -1   2 1 1 1
   2378  -1  -1   2 1 1 1
   2379   0  -1   2 1 1 1
   2380  26  -1   2 1 1 1
   2381  27  -1   2 1 1 1
   2382  28  -1   2 1 1 1
   2383  29  -1   2 1 1 1
   2384  30  -1   2 1 1 1
   2385  -4   0   2 1 1 1
   2386  -3   0   2 1 1 1
   2387  -2   0   2 1 1 1
   2388  -1   0   2 1 1 1
   2389   0   0   2 1 1 1
   2390  26   0   2 1 1 1
   2391  27   0   2 1 1 1
   2392  28   0   2 1 1 1
   2393  29   0   2 1 1 1
   2394  30   0   2 1 1 1
   2395  -4   1   2 1 1 1
   2396  -3   1   2 1 1 1
   2397  -2   1   2 1 1 1
   2398  -1   1   2 1 1 1
   2399   0   1   2 1 1 1
   2400  26   1   2 1 1 1
   2401  27   1   2 1 1 1
   2402  28   1   2 1 1 1
   2403  29   1   2 1 1 1
   2404  30   1   2 1 1 1
   2405  -4   2   2 1 1 1
   2406  -3   2   2 1 1 1
   2407  -2   2   2 1 1 1
   2408  -1   2   2 1 1 1
   2409   0   2   2 1 1 1
   2410  26   2   2 1 1 1
   2411  27   2   2 1 1 1
   2412  28   2   2 1 1 1
   2413  29   2   2 1 1 1
   2414  30   2   2 1 1 1
   2415  -3   3   2 1 1 1
   2416  -2   3   2 1 1 1
   2417  -1   3   2 1 1 1
   2418   0   3   2 1 1 1
   2419  26   3   2 1 1 1
   2420  27   3   2 1 1 1
   2421  28   3   2 1 1 1
   2422  29   3   2 1 1 1
   2423  -2   4   2 1 1 1
   2424  -1   4   2 1 1 1
   2425   0   4   2 1 1 1
   2426  26   4   2 1 1 1
   2427  27   4   2 1 1 1
   2428  28   4   2 1 1 1
   2429  -1   5   2 1 1 1
   2430   0   5   2 1 1 1
   2431  26   5   2 1 1 1
   2432  27   5   2 1 1 1
   2433  -2  -3   3 1 1 1
   2434  -1  -3   3 1 1 1
   2435   0  -3   3 1 1 1
   2436  26  -3   3 1 1 1
   2437  27  -3   3 1 1 1
   2438  28  -3   3 1 1 1
   2439  -3  -2   3 1 1 1
   2440  -2  -2   3 1 1 1
   2441  -1  -2   3 1 1 1
   2442   0  -2   3 1 1 1
   2443  26  -2   3 1 1 1
   2444  27  -2   3 1 1 1
   2445  28  -2   3 1 1 1
   2446  29  -2   3 1 1 1
   2447  -3  -1   3 1 1 1
   2448  -2  -1   3 1 1 1
   2449  -1  -1   3 1 1 1
   2450   0  -1   3 1 1 1
   2451  26  -1   3 1 1 1
   2452  27  -1   3 1 1 1
   2453  28  -1   3 1 1 1
   2454  29  -1   3 1 1 1
   2455  -3   0   3 1 1 1
   2456  -2   0   3 1 1 1
   2457  -1   0   3 1 1 1
   2458   0   0   3 1 1 1
   2459  26   0   3 1 1 1
   2460  27   0   3 1 1 1
   2461  28   0   3 1 1 1
   2462  29   0   3 1 1 1
   2463  -3   1   3 1 1 1
   2464  -2   1   3 1 1 1
   2465  -1   1   3 1 1 1
   2466   0   1   3 1 1 1
   2467  26   1   3 1 1 1
   2468  27   1   3 1 1 1
   2469  28   1   3 1 1 1
   2470  29   1   3 1 1 1
   2471  -3   2   3 1 1 1
   2472  -2   2   3 1 1 1
   2473  -1   2   3 1 1 1
   2474   0   2   3 1 1 1
   2475  26   2   3 1 1 1
   2476  27   2   3 1 1 1
   2477  28   2   3 1 1 1
   2478  29   2   3 1 1 1
   2479  -3   3   3 1 1 1
   2480  -2   3   3 1 1 1
   2481  -1   3   3 1 1 1
   2482   0   3   3 1 1 1
   2483  26   3   3 1 1 1
   2484  27   3   3 1 1 1
   2485  28   3   3 1 1 1
   2486  29   3   3 1 1 1
   2487  -2   4   3 1 1 1
   2488  -1   4   3 1 1 1
   2489   0   4   3 1 1 1
   2490  26   4   3 1 1 1
   2491  27   4   3 1 1 1
   2492  28   4   3 1 1 1
   2493   0  -3   4 1 1 1
   2494  26  -3   4 1 1 1
   2495  -2  -2   4 1 1 1
   2496  -1  -2   4 1 1 1
   2497   0  -2   4 1 1 1
   2498  26  -2   4 1 1 1
   2499  27  -2   4 1 1 1
   2500  28  -2   4 1 1 1
   2501  -2  -1   4 1 1 1
   2502  -1  -1   4 1 1 1
   2503   0  -1   4 1 1 1
   2504  26  -1   4 1 1 1
   2505  27  -1   4 1 1 1
   2506  28  -1   4 1 1 1
   2507  -3   0   4 1 1 1
   2508  -2   0   4 1 1 1
   2509  -1   0   4 1 1 1
   2510   0   0   4 1 1 1
   2511  26   0   4 1 1 1
   2512  27   0   4 1 1 1
   2513  28   0   4 1 1 1
   2514  29   0   4 1 1 1
   2515  -3   1   4 1 1 1
   2516  -2   1   4 1 1 1
   2517  -1   1   4 1 1 1
   2518   0   1   4 1 1 1
   2519  26   1   4 1 1 1
   2520  27   1   4 1 1 1
   2521  28   1   4 1 1 1
   2522  29   1   4 1 1 1
   2523  -2   2   4 1 1 1
   2524  -1   2   4 1 1 1
   2525   0   2   4 1 1 1
   2526  26   2   4 1 1 1
   2527  27   2   4 1 1 1
   2528  28   2   4 1 1 1
   2529  -2   3   4 1 1 1
   2530  -1   3   4 1 1 1
   2531   0   3   4 1 1 1
   2532  26   3   4 1 1 1
   2533  27   3   4 1 1 1
   2534  28   3   4 1 1 1
   2535   0   4   4 1 1 1
   2536  26   4   4 1 1 1
   2537  -1  -1   5 1 1 1
   2538   0  -1   5 1 1 1
   2539  26  -1   5 1 1 1
   2540  27  -1   5 1 1 1
   2541  -1   0   5 1 1 1
   2542   0   0   5 1 1 1
   2543  26   0   5 1 1 1
   2544  27   0   5 1 1 1
   2545  -1   1   5 1 1 1
   2546   0   1   5 1 1 1
   2547  26   1   5 1 1 1
   2548  27   1   5 1 1 1
   2549  -1   2   5 1 1 1
   2550   0   2   5 1 1 1
   2551  26   2   5 1 1 1
   2552  27   2   5 1 1 1
